63.8586 17.3806 106.606 95.21
144.238 92.8829 178.695 158.793
421.109 96.1984 423.351 180.863
279.505 134.923 297.541 202.943
400.412 173.733 405.112 240.176
386.305 240.413 392.806 291.764
27.811 261.655 75.4496 284.443
378.631 270.948 385.015 318.136
462.866 271.827 459.33 325.18
280.82 298.906 298.356 334.167
775.022 358.811 735.092 415.442
33.015 364.943 79.2784 368.938
378.122 367.117 384.451 394.906
378.122 367.117 384.451 394.906
401.894 412.086 405.948 432.868
639.3 443.039 615.608 472.441
739.61 450.018 760.781 420.208
630.566 464.555 607.637 489.586
180.694 535.795 209.552 516.638
416.371 559.803 419.776 547.261
765.142 606.541 727.87 610.344
95.3577 608.859 134.739 567.698
796.999 630.489 755.84 630.87
457.395 699.808 454.157 665.482
63.4769 47.0656 106.661 118.015
63.4769 47.0656 106.661 118.015
213.82 68.8257 239.844 145.906
213.82 68.8257 239.844 145.906
72.5617 71.3846 114.435 138.195
274.565 73.4674 292.517 154.203
81.1362 100.661 122.063 162.223
265.064 128.969 285.033 197.118
39.3799 133.288 85.2139 185.494
225.47 139.462 250.279 202.201
225.47 139.462 250.279 202.201
449.345 165.543 448.665 240.228
449.345 165.543 448.665 240.228
382.938 167.516 388.531 236.133
389.667 171.918 395.903 238.302
952.107 172.722 892.082 278.71
952.107 172.722 892.082 278.71
939.875 174.509 881.664 279.397
411.939 184.255 415.41 249.326
936.991 189.635 878.988 292.506
42.0193 216.553 87.0714 252.27
42.0193 216.553 87.0714 252.27
440.853 256.393 440.387 310.534
402.629 266.396 406.037 316.591
21.9227 272.032 70.5196 291.901
865.257 286.794 815.534 364.004
542.357 289.278 530.085 343.684
18.433 297.854 66.8017 312.915
388.17 305.422 393.608 346.472
374.18 324.729 381.069 360.761
124.741 347.405 161.079 361.272
45.404 349.312 90.1149 358.247
342.491 348.815 353.085 377.931
342.491 348.815 353.085 377.931
339.365 362.051 349.424 388.101
602.436 362.913 582.606 407.043
857.553 369.506 808.734 429.132
857.553 369.506 808.734 429.132
794.247 376.467 724.335 462.967
794.247 376.467 724.335 462.967
564.614 387.073 549.344 423.523
407.343 408.071 410.494 429.286
85.8061 440.557 126.723 431.719
605.113 448.032 584.932 474.107
637.287 450.725 613.863 478.541
73.5589 456.435 115.512 444.229
466.449 460.801 463.979 473.047
389.659 463.299 396.32 467.951
532.907 465.763 523.383 480.078
310.525 474.522 325.567 473.108
549.248 480.729 537.328 493.16
136.771 481.613 171.751 467.863
146.254 485.984 180.069 471.842
85.4308 505.164 125.698 484.447
676.892 515.641 648.901 532.78
386.118 541.5 391.572 533.307
659.64 556.822 633.531 564.693
659.64 556.822 633.531 564.693
73.0576 562.028 115.69 528.089
546.438 572.434 533.556 570.188
616.388 573.409 595.346 575.119
137.141 574.068 171.773 542.193
118.254 582.518 155.055 547.6
294.226 597.807 311.289 571.875
89.2544 606.047 128.847 565.11
619.011 608.386 597.619 603.459
80.1985 634.57 120.909 587.808
591.824 636.836 573.541 624.209
591.824 636.836 573.541 624.209
98.075 642.987 136.939 595.909
12.5715 645.751 61.5743 591.559
516.25 645.899 506.531 626.241
664.699 672.7 638.37 655.301
671.765 676.345 644.936 658.765
681.736 676.937 653.903 659.963
320.117 679.964 333.184 640.195
320.117 679.964 333.184 640.195
665.633 680.727 639.729 661.914
617.256 708.489 595.551 681.069
554.198 725.04 540.15 691.85
457.716 771.688 454.435 722.77
540.412 772.998 527.327 729.664
540.412 772.998 527.327 729.664
461.985 900.238 457.917 825.966
58.4305 39.075 101.8 112.173
156.612 70.2824 188.754 143.285
94.31 75.7205 133.678 143.424
135.556 101.521 169.872 166.656
273.268 140.296 292.127 207.544
63.7435 144.665 106.678 196.388
82.594 145.979 123.709 198.129
102.416 157.124 141.188 208.81
409.398 157.296 411.816 229.038
210.092 166.785 236.244 222.833
258.288 169.317 279.661 227.892
108.181 212.236 146.499 251.562
156.153 216.309 189.777 256.968
191.059 217.957 219.146 262.77
485.389 224.351 478.897 288.424
493.783 251.793 486.858 312.03
871.055 280.496 821.052 359.074
343.923 290.9 354.389 331.643
455.224 297.528 452.513 344.841
435.878 324.776 435.823 364.672
435.878 324.776 435.823 364.672
523.53 326.126 513.553 370.969
359.208 331.018 367.933 364.969
361.646 347.749 370.295 377.638
547.685 367.302 534.045 409.197
588.753 371.424 570.769 412.844
579.822 378.23 562.983 417.608
447.8 382.689 445.972 411.784
447.8 382.689 445.972 411.784
275.111 392.079 293.086 408.059
540.168 411.847 527.735 441.495
581.89 423.779 564.798 453.409
581.89 423.779 564.798 453.409
471.481 454.211 468.075 467.393
381.562 479.265 389.229 480.223
559.797 489.403 546.809 500.749
173.332 519.368 203.357 501.646
173.332 519.368 203.357 501.646
364.871 522.445 372.898 516.696
375.68 531.818 382.351 524.866
568.723 537.659 552.267 543.104
338.078 539.506 349.666 528.317
348.382 549.469 358.848 536.88
621.01 555.408 599.216 560.823
630.032 557.189 607.443 562.841
359.089 558.187 368.208 544.634
558.977 599.051 543.922 590.596
761.239 598.963 723.855 602.814
123.284 600.188 159.706 562.474
123.284 600.188 159.706 562.474
776.365 609.084 737.075 612.225
542.976 618.417 531.025 607.025
45.7565 622.819 90.3803 575.522
33.8338 624.597 80.6405 575.832
869.381 629.082 818.795 636.919
451.743 633.558 450.024 611.668
370.691 636.122 377.987 608.431
876.449 653.382 824.925 656.743
28.3603 653.853 75.8402 597.998
664.158 656.293 638.15 642.669
34.2271 666.836 80.0108 610.194
654.545 670.578 629.614 652.957
500.725 732.828 492.858 694.916
68.6805 736.546 110.29 668.745
633.672 765.746 610.52 729.042
615.993 779.427 595.002 739.34
456.347 906.701 452.74 830.955
258.155 41.7995 278.248 127.888
87.8915 67.7195 128.498 136.861
413.938 101.718 416.792 185.326
233.372 143.341 257.453 205.831
300.914 146.074 318.571 212.231
252.363 149.911 273.663 212.828
409.591 157.468 411.816 229.038
249.988 176.669 271.207 234.102
211.43 179.3 237.957 233.442
186.03 183.696 214.353 235.052
79.7284 199.049 120.878 240.318
213.807 215.563 239.96 262.007
213.807 215.563 239.96 262.007
498.441 242.228 490.903 303.835
530.929 298.707 519.809 350.192
440.596 313.752 439.903 356.321
440.596 313.752 439.903 356.321
404.88 340.031 408.358 374.331
186.067 344.831 214.331 361.391
186.067 344.831 214.331 361.391
488.974 350.356 483.565 388.652
488.974 350.356 483.565 388.652
133.949 353.329 169.064 366.658
239.294 369.54 262.84 385.054
229.861 385.692 254.032 398.184
471.324 453.623 468.075 467.393
259.536 470.815 280.405 469.072
268.275 484.157 287.223 481.243
682.398 498.691 653.925 519.97
172.308 520.126 203.357 501.646
172.308 520.126 203.357 501.646
597.138 531.248 577.812 539.574
265.865 555.848 286.214 537.216
560.103 585.49 544.951 580.933
600.08 592.061 580.927 588.857
550.676 612.09 536.755 600.441
572.09 618.165 556.172 607.613
543.87 619.657 531.025 607.025
124.024 628.448 160.811 585.62
112.307 646.233 149.868 599.163
18.8908 651.396 67.4449 595.74
51.295 664.453 96.2169 609.888
611.855 788.657 590.73 746.725
611.855 788.657 590.73 746.725
266.121 104.762 285.837 177.625
201.426 158.809 229.322 215.28
201.426 158.809 229.322 215.28
175.484 222.637 206.843 264.55
135.733 225.988 170.737 265.522
118.389 230.999 155.011 268.35
616.318 233.438 595.003 304.614
180.88 236.273 209.945 276.54
20.3748 257.442 68.6872 282.312
576.076 257.718 560.472 320.791
34.5213 259.206 82.057 283.3
462.754 265.407 459.184 319.728
462.754 265.407 459.184 319.728
528.099 266.518 516.547 325.207
528.099 266.518 516.547 325.207
552.369 273.898 539.395 331.927
552.369 273.898 539.395 331.927
837.477 290.021 791.165 363.9
33.0032 300.669 81.5757 317.769
33.0032 300.669 81.5757 317.769
518.024 305.806 509.178 354.428
453.581 309.912 451.175 354.155
556.984 327.554 542.866 375.582
210.551 330.928 238.647 350.36
210.551 330.928 238.647 350.36
66.0065 334.73 108.882 347.265
50.1085 337.603 94.1158 349.106
273.495 367.974 292.136 388.115
43.4659 382.153 88.6128 383.52
531.188 421.615 519.917 448.718
533.295 436.393 521.872 460.49
171.97 440.454 202.464 438.931
283.945 467.299 302.583 467.131
190.335 488.273 220.277 478.977
416.818 506.957 420.949 504.687
47.9165 544.057 91.5863 512.992
84.4032 560.81 124.701 528.38
66.6292 606.48 110.092 562.253
66.6292 606.48 110.092 562.253
54.4749 614.499 99.1098 568.599
430.159 628.242 430.183 606.49
652.108 654.594 627.489 640.362
617.313 727.612 597.129 696.068
613.51 741.868 593.07 707.532
603.918 754.051 584.824 717.96
97.2147 45.5144 136.543 119.396
123.908 57.0494 160.017 130.343
213.619 137.64 239.58 200.565
268.012 148.731 286.87 212.775
551.979 184.556 539.073 259.949
551.979 184.556 539.073 259.949
49.4495 188.344 93.8015 230.805
152.733 228.178 185.598 267.226
462.899 245.614 461.352 303.27
408.294 247.24 411.322 300.819
224.944 249.856 250.6 289.404
87.3235 272.956 127.74 300.723
87.3235 272.956 127.74 300.723
455.777 280.17 453.685 331.236
116.921 313.07 154.995 331.593
885 318.186 832.542 390.368
885 318.186 832.542 390.368
885 318.186 832.542 390.368
176.192 328.255 206.586 347.48
211.699 328.893 238.647 350.36
211.699 328.893 238.647 350.36
240.932 343.882 262.402 363.783
66.4206 351.245 109.481 359.938
176.67 365.335 206.649 376.984
52.9888 370.752 97.896 374.312
303.119 384.616 319.15 403.608
160.617 483.48 193.478 472.58
412.872 520.856 414.949 515.571
447.658 520.078 446.799 517.406
814.205 649.189 769.654 649.427
599.658 699.45 581.211 672.678
623.873 711.813 602.323 683.147
522.025 857.936 511.084 795.984
58.6842 23.6039 103.482 100.058
58.6842 23.6039 103.482 100.058
521.737 23.4959 511.812 130.391
123.648 56.6825 160.017 130.343
81.2192 62.2753 121.414 132.011
114.477 100.513 153.065 163.731
114.477 100.513 153.065 163.731
222.935 159.309 247.264 217.886
222.935 159.309 247.264 217.886
61.4931 208.161 105.428 246.432
367.942 266.748 375.69 313.327
344.12 328.205 354.634 361.736
165.441 345.671 197.235 362.165
69.1814 434.628 111.543 426.08
540.777 557.774 527.842 556.408
540.777 557.774 527.842 556.408
381.076 589.325 387.239 572.325
690.747 593.34 661.85 594.059
36.4208 614.165 81.8328 567.839
103.922 74.3628 142.178 143.198
440.855 84.9837 441.639 172.25
440.855 84.9837 441.639 172.25
113.041 133.743 150.97 189.63
249.803 157.924 270.502 219.51
858.806 272.44 810.077 350.847
858.806 272.44 810.077 350.847
353.184 362.193 362.477 389.047
286.943 406.781 304.454 420.368
530.672 487.326 521.433 498.861
416.105 546.227 417.91 535.802
300.527 619.696 316.308 590.887
745.022 626.091 710.013 626.895
518.466 627.899 507.707 610.017
41.0888 645.043 86.9985 592.371
594.981 725.232 577.047 693.808
140.439 75.8327 174.303 147.259
245.586 117.796 267.568 187.049
492.266 198.294 487.071 266.868
492.266 198.294 487.071 266.868
378.803 207.167 383.977 266.079
371.095 445.954 379.274 453.098
371.095 445.954 379.274 453.098
174.516 454.556 206.083 450.493
457.306 473.967 456.884 483.737
414.712 484.966 418.566 486.747
199.334 525.541 225.962 510.004
536.073 524.545 525.713 529.451
536.073 524.545 525.713 529.451
359.63 542.078 368.661 531.604
323.28 596.871 335.78 572.325
783.901 614.441 745.174 617.253
674.035 618.844 647.513 613.961
774.802 646.552 737.13 643.984
383.971 142.783 390.566 215.272
280.322 337.637 299.122 363.545
590.544 380.573 572.678 419.527
520.537 424.31 511.42 449.471
574.789 477.622 560.315 493.745
557.572 563.016 544.831 561.984
61.5088 584.693 105.601 545.691
61.5088 584.693 105.601 545.691
526.438 872.36 512.487 807.858
142.893 170.553 177.455 219.492
140.127 342.333 180.133 358.619
637.88 500.332 613.758 519.136
236.902 297.923 266.111 329.112
